forest;horizon_canopy;windswept_heath;path_to_exile;rattlechains;phantasmal_image;spell_queller;3
breeding_pool;misty_rainforest;aether_vial;mausoleum_wanderer;phantasmal_image;phantasmal_image;collected_company;3
island;botanical_sanctum;mausoleum_wanderer;phantasmal_image;spell_queller;drogskol_captain;collected_company;3
forest;botanical_sanctum;misty_rainforest;selfless_spirit;phantasmal_image;phantasmal_image;spell_queller;3
horizon_canopy;moorland_haunt;path_to_exile;noble_hierarch;spell_queller;drogskol_captain;drogskol_captain;3
flooded_strand;aether_vial;selfless_spirit;supreme_phantom;spell_queller;drogskol_captain;drogskol_captain;3
breeding_pool;botanical_sanctum;seachrome_coast;aether_vial;mausoleum_wanderer;phantasmal_image;collected_company;3
horizon_canopy;moorland_haunt;windswept_heath;noble_hierarch;noble_hierarch;phantasmal_image;collected_company;3
horizon_canopy;moorland_haunt;windswept_heath;misty_rainforest;supreme_phantom;drogskol_captain;collected_company;3
cavern_of_souls;flooded_strand;aether_vial;aether_vial;noble_hierarch;rattlechains;supreme_phantom;3
windswept_heath;aether_vial;path_to_exile;rattlechains;supreme_phantom;spell_queller;drogskol_captain;3
misty_rainforest;aether_vial;path_to_exile;path_to_exile;noble_hierarch;selfless_spirit;spell_queller;3
windswept_heath;aether_vial;path_to_exile;noble_hierarch;mausoleum_wanderer;phantasmal_image;collected_company;3
seachrome_coast;aether_vial;mausoleum_wanderer;selfless_spirit;drogskol_captain;collected_company;collected_company;3
horizon_canopy;aether_vial;rattlechains;supreme_phantom;spell_queller;drogskol_captain;collected_company;3
island;aether_vial;path_to_exile;phantasmal_image;phantasmal_image;supreme_phantom;spell_queller;3
plains;horizon_canopy;aether_vial;path_to_exile;selfless_spirit;phantasmal_image;geist_of_saint_traft;3
temple_garden;horizon_canopy;path_to_exile;path_to_exile;selfless_spirit;selfless_spirit;drogskol_captain;3
horizon_canopy;horizon_canopy;moorland_haunt;path_to_exile;selfless_spirit;supreme_phantom;spell_queller;3
forest;moorland_haunt;misty_rainforest;rattlechains;phantasmal_image;spell_queller;collected_company;3
plains;temple_garden;horizon_canopy;path_to_exile;rattlechains;selfless_spirit;collected_company;3
forest;temple_garden;horizon_canopy;path_to_exile;path_to_exile;selfless_spirit;collected_company;3
plains;horizon_canopy;horizon_canopy;selfless_spirit;selfless_spirit;drogskol_captain;collected_company;3
plains;forest;misty_rainforest;selfless_spirit;selfless_spirit;drogskol_captain;geist_of_saint_traft;3
plains;temple_garden;misty_rainforest;path_to_exile;mausoleum_wanderer;drogskol_captain;collected_company;3
plains;horizon_canopy;horizon_canopy;path_to_exile;selfless_spirit;supreme_phantom;collected_company;3
island;horizon_canopy;moorland_haunt;path_to_exile;mausoleum_wanderer;phantasmal_image;collected_company;3
windswept_heath;flooded_strand;aether_vial;aether_vial;noble_hierarch;supreme_phantom;drogskol_captain;3
plains;cavern_of_souls;noble_hierarch;supreme_phantom;spell_queller;spell_queller;collected_company;3
forest;misty_rainforest;path_to_exile;path_to_exile;noble_hierarch;rattlechains;supreme_phantom;3
moorland_haunt;windswept_heath;mausoleum_wanderer;rattlechains;spell_queller;drogskol_captain;geist_of_saint_traft;3
temple_garden;horizon_canopy;windswept_heath;mausoleum_wanderer;mausoleum_wanderer;mausoleum_wanderer;mausoleum_wanderer;3
botanical_sanctum;windswept_heath;misty_rainforest;supreme_phantom;drogskol_captain;collected_company;collected_company;3
seachrome_coast;windswept_heath;misty_rainforest;mausoleum_wanderer;geist_of_saint_traft;geist_of_saint_traft;collected_company;3
island;flooded_strand;flooded_strand;path_to_exile;mausoleum_wanderer;phantasmal_image;collected_company;3
plains;island;forest;misty_rainforest;supreme_phantom;drogskol_captain;geist_of_saint_traft;3
plains;seachrome_coast;path_to_exile;noble_hierarch;supreme_phantom;drogskol_captain;collected_company;3
botanical_sanctum;misty_rainforest;mausoleum_wanderer;supreme_phantom;drogskol_captain;geist_of_saint_traft;geist_of_saint_traft;3
island;temple_garden;windswept_heath;flooded_strand;mausoleum_wanderer;drogskol_captain;collected_company;3
forest;horizon_canopy;windswept_heath;noble_hierarch;phantasmal_image;phantasmal_image;supreme_phantom;3
breeding_pool;cavern_of_souls;aether_vial;mausoleum_wanderer;drogskol_captain;drogskol_captain;geist_of_saint_traft;3
moorland_haunt;aether_vial;aether_vial;noble_hierarch;noble_hierarch;mausoleum_wanderer;supreme_phantom;3
plains;forest;windswept_heath;misty_rainforest;supreme_phantom;drogskol_captain;drogskol_captain;3
botanical_sanctum;cavern_of_souls;moorland_haunt;windswept_heath;selfless_spirit;supreme_phantom;collected_company;3
island;botanical_sanctum;misty_rainforest;supreme_phantom;drogskol_captain;collected_company;collected_company;3
forest;botanical_sanctum;windswept_heath;misty_rainforest;supreme_phantom;drogskol_captain;drogskol_captain;3
horizon_canopy;cavern_of_souls;misty_rainforest;selfless_spirit;drogskol_captain;collected_company;collected_company;3
botanical_sanctum;windswept_heath;aether_vial;path_to_exile;phantasmal_image;spell_queller;drogskol_captain;3
island;breeding_pool;phantasmal_image;supreme_phantom;spell_queller;drogskol_captain;geist_of_saint_traft;3
plains;island;moorland_haunt;selfless_spirit;drogskol_captain;collected_company;collected_company;3
island;hallowed_fountain;cavern_of_souls;windswept_heath;selfless_spirit;spell_queller;drogskol_captain;3
hallowed_fountain;windswept_heath;flooded_strand;noble_hierarch;mausoleum_wanderer;phantasmal_image;phantasmal_image;3
forest;misty_rainforest;path_to_exile;supreme_phantom;spell_queller;spell_queller;collected_company;3
island;horizon_canopy;cavern_of_souls;path_to_exile;path_to_exile;supreme_phantom;drogskol_captain;3
hallowed_fountain;temple_garden;cavern_of_souls;path_to_exile;noble_hierarch;mausoleum_wanderer;rattlechains;3
temple_garden;windswept_heath;flooded_strand;aether_vial;noble_hierarch;spell_queller;drogskol_captain;3
seachrome_coast;horizon_canopy;path_to_exile;phantasmal_image;phantasmal_image;spell_queller;spell_queller;3
seachrome_coast;horizon_canopy;misty_rainforest;path_to_exile;phantasmal_image;collected_company;collected_company;3
breeding_pool;horizon_canopy;misty_rainforest;path_to_exile;noble_hierarch;noble_hierarch;supreme_phantom;3
horizon_canopy;windswept_heath;windswept_heath;path_to_exile;spell_queller;drogskol_captain;collected_company;3
breeding_pool;misty_rainforest;mausoleum_wanderer;spell_queller;drogskol_captain;drogskol_captain;geist_of_saint_traft;3
horizon_canopy;windswept_heath;aether_vial;path_to_exile;path_to_exile;mausoleum_wanderer;selfless_spirit;3
horizon_canopy;flooded_strand;path_to_exile;spell_queller;spell_queller;drogskol_captain;drogskol_captain;3
botanical_sanctum;aether_vial;path_to_exile;mausoleum_wanderer;phantasmal_image;geist_of_saint_traft;collected_company;3
botanical_sanctum;moorland_haunt;windswept_heath;aether_vial;path_to_exile;noble_hierarch;supreme_phantom;3
island;botanical_sanctum;path_to_exile;supreme_phantom;spell_queller;drogskol_captain;drogskol_captain;3
plains;hallowed_fountain;moorland_haunt;misty_rainforest;noble_hierarch;mausoleum_wanderer;rattlechains;3
botanical_sanctum;moorland_haunt;path_to_exile;path_to_exile;noble_hierarch;supreme_phantom;spell_queller;3
botanical_sanctum;aether_vial;aether_vial;phantasmal_image;supreme_phantom;spell_queller;drogskol_captain;3
horizon_canopy;flooded_strand;misty_rainforest;path_to_exile;rattlechains;phantasmal_image;collected_company;3
breeding_pool;botanical_sanctum;flooded_strand;misty_rainforest;noble_hierarch;mausoleum_wanderer;mausoleum_wanderer;3
hallowed_fountain;seachrome_coast;horizon_canopy;windswept_heath;selfless_spirit;collected_company;collected_company;3
temple_garden;seachrome_coast;selfless_spirit;spell_queller;spell_queller;collected_company;collected_company;3
horizon_canopy;horizon_canopy;path_to_exile;noble_hierarch;drogskol_captain;geist_of_saint_traft;geist_of_saint_traft;3
moorland_haunt;windswept_heath;mausoleum_wanderer;mausoleum_wanderer;spell_queller;drogskol_captain;collected_company;3
botanical_sanctum;noble_hierarch;noble_hierarch;noble_hierarch;mausoleum_wanderer;rattlechains;supreme_phantom;3
botanical_sanctum;seachrome_coast;selfless_spirit;phantasmal_image;drogskol_captain;geist_of_saint_traft;collected_company;3
breeding_pool;windswept_heath;supreme_phantom;spell_queller;drogskol_captain;geist_of_saint_traft;geist_of_saint_traft;3
moorland_haunt;aether_vial;noble_hierarch;noble_hierarch;rattlechains;drogskol_captain;collected_company;3
hallowed_fountain;aether_vial;noble_hierarch;noble_hierarch;noble_hierarch;supreme_phantom;geist_of_saint_traft;3
seachrome_coast;aether_vial;path_to_exile;noble_hierarch;noble_hierarch;mausoleum_wanderer;phantasmal_image;3
